18816888888,20170729082500,1785EALDKAMMSXCSDOKO22,1
18888888888,20170729092400,1785EALDKAMMSXCSDOKO22,1
18816888888,20170729102500,1785EALDKAMMSXCSDOKO22,0
18888888888,20170729132900,1785EALDKAMMSXCSDOKO22,0
18816888888,20170729222500,1785EALDKAMMSXCSDOKO22,1
18816888888,20170729235800,1785EALDKAMMSXCSDOKO22,0
18888888888,20170729132500,1785EALDKAMMSXCSDOKO22,1
18888888888,20170729202500,1785EALDKAMMSXCSDOKO22,0
18888888888,20170729222100,1555EALDKAMMSXCSDOKL00,1
18888888888,20170729235900,1555EALDKAMMSXCSDOKL00,0
